Classes,precision,recall,F1_score,support
0,0.9210950080515298,0.8474074074074074,0.8827160493827161,675
1,0.8734567901234568,0.7004950495049505,0.7774725274725275,404
2,0.9150943396226415,0.708029197080292,0.7983539094650206,274
3,0.9971014492753624,0.9717514124293786,0.9842632331902719,354
4,0.9578544061302682,1.0,0.9784735812133072,250
5,0.8482142857142857,0.9443339960238568,0.8936970837253058,503
6,0.8290155440414507,0.9014084507042254,0.863697705802969,1065
7,0.8345323741007195,0.8226950354609929,0.8285714285714286,282
8,0.8939393939393939,0.9743119266055046,0.932396839332748,545
9,0.9166666666666666,0.44,0.5945945945945946,25
10,0.6170212765957447,0.5858585858585859,0.6010362694300518,99
11,0.0,0.0,0.0,2
12,0.9090909090909091,1.0,0.9523809523809523,10
13,1.0,0.975,0.9873417721518988,80
14,0.8645833333333334,0.8383838383838383,0.8512820512820513,99
15,0.9565217391304348,1.0,0.9777777777777777,44
__avg / total__,0.8810551613779251,0.8756102738272129,0.8752043404159121,4711
