Classes,precision,recall,F1_score,support
0,0.8952234206471494,0.8607407407407407,0.877643504531722,675
1,0.8374233128834356,0.6757425742574258,0.7479452054794521,404
2,0.944,0.8613138686131386,0.9007633587786259,274
3,0.9910979228486647,0.943502824858757,0.9667149059334298,354
4,0.9881422924901185,1.0,0.9940357852882704,250
5,0.8577235772357723,0.8389662027833003,0.8482412060301507,503
6,0.7925445705024311,0.9183098591549296,0.8508046976946498,1065
7,0.952191235059761,0.8475177304964538,0.8968105065666041,282
8,0.9382716049382716,0.9761467889908257,0.9568345323741008,545
9,0.9047619047619048,0.76,0.8260869565217391,25
10,0.7415730337078652,0.6666666666666666,0.7021276595744681,99
11,0.0,0.0,0.0,2
12,0.7,0.7,0.7,10
13,0.9397590361445783,0.975,0.9570552147239264,80
14,0.8712871287128713,0.8888888888888888,0.88,99
15,1.0,0.9318181818181818,0.9647058823529412,44
__avg / total__,0.8836720169084803,0.8796433878157504,0.8793369587744536,4711
