Actual,0,1,2,3,4,5,6,7,8,9,10,11,12,13,14,15
0,572,2,0,0,0,38,62,0,0,1,0,0,0,0,0,0
1,7,283,0,0,0,0,108,4,0,0,2,0,0,0,0,0
2,0,0,194,0,0,0,0,1,60,0,0,18,0,0,1,0
3,0,0,4,344,0,0,5,0,1,0,0,0,0,0,0,0
4,0,0,0,0,250,0,0,0,0,0,0,0,0,0,0,0
5,5,4,0,0,0,475,17,2,0,0,0,0,0,0,0,0
6,26,7,0,0,0,47,960,25,0,0,0,0,0,0,0,0
7,8,1,1,0,0,0,4,232,0,0,34,0,0,0,0,2
8,0,1,0,0,0,0,0,1,531,0,0,0,0,0,12,0
9,0,0,0,0,11,0,0,0,0,11,0,3,0,0,0,0
10,2,26,0,0,0,0,0,13,0,0,58,0,0,0,0,0
11,0,0,0,0,0,0,2,0,0,0,0,0,0,0,0,0
12,0,0,0,0,0,0,0,0,0,0,0,0,10,0,0,0
13,0,0,0,1,0,0,0,0,0,0,0,0,1,78,0,0
14,1,0,13,0,0,0,0,0,2,0,0,0,0,0,83,0
15,0,0,0,0,0,0,0,0,0,0,0,0,0,0,0,44
