Actual,0,1,2,3,4,5,6,7,8,9,10,11,12,13,14,15
0,581,0,0,0,0,27,65,2,0,0,0,0,0,0,0,0
1,1,273,0,0,0,0,127,2,0,0,1,0,0,0,0,0
2,0,0,236,0,1,1,2,0,31,1,0,2,0,0,0,0
3,0,0,11,334,0,4,2,0,0,0,0,0,1,0,2,0
4,0,0,0,0,250,0,0,0,0,0,0,0,0,0,0,0
5,15,12,2,0,0,422,50,1,0,1,0,0,0,0,0,0
6,46,1,0,0,0,36,978,4,0,0,0,0,0,0,0,0
7,6,7,1,0,0,0,8,239,0,0,21,0,0,0,0,0
8,0,0,0,0,0,0,0,0,532,0,0,0,0,2,11,0
9,0,0,0,0,2,0,0,0,0,19,0,4,0,0,0,0
10,0,33,0,0,0,0,0,0,0,0,66,0,0,0,0,0
11,0,0,0,0,0,0,2,0,0,0,0,0,0,0,0,0
12,0,0,0,0,0,0,0,0,0,0,0,0,7,3,0,0
13,0,0,0,0,0,0,0,0,0,0,0,0,2,78,0,0
14,0,0,0,3,0,2,0,0,4,0,1,1,0,0,88,0
15,0,0,0,0,0,0,0,3,0,0,0,0,0,0,0,41
