
--------------------------------
Size training set: 182272
Size test set: 4711

------------------
Results for patch size 3:
Class distribution:
#;Train;Test
1;11392;675
2;11392;404
3;11392;274
4;11392;354
5;11392;250
6;11392;503
7;11392;1065
8;11392;282
9;11392;545
10;11392;25
11;11392;99
12;11392;2
13;11392;10
14;11392;80
15;11392;99
16;11392;44
Train accuracy; 99.982
Test accuracy; 86.160

--------------------------------
Size training set: 182272
Size test set: 4711

------------------
Results for patch size 5:
Class distribution:
#;Train;Test
1;11392;675
2;11392;404
3;11392;274
4;11392;354
5;11392;250
6;11392;503
7;11392;1065
8;11392;282
9;11392;545
10;11392;25
11;11392;99
12;11392;2
13;11392;10
14;11392;80
15;11392;99
16;11392;44
Train accuracy; 100.000
Test accuracy; 89.089

--------------------------------
Size training set: 182272
Size test set: 4711

------------------
Results for patch size 7:
Class distribution:
#;Train;Test
1;11392;675
2;11392;404
3;11392;274
4;11392;354
5;11392;250
6;11392;503
7;11392;1065
8;11392;282
9;11392;545
10;11392;25
11;11392;99
12;11392;2
13;11392;10
14;11392;80
15;11392;99
16;11392;44
Train accuracy; 100.000
Test accuracy; 87.561
