Classes,precision,recall,F1_score,support
0,0.9548192771084337,0.9392592592592592,0.9469753547423451,675
1,0.9183673469387755,0.8910891089108911,0.9045226130653267,404
2,0.9925373134328358,0.9708029197080292,0.981549815498155,274
3,1.0,0.9971751412429378,0.9985855728429985,354
4,1.0,1.0,1.0,250
5,0.9102803738317757,0.9681908548707754,0.9383429672447013,503
6,0.9445983379501385,0.9605633802816902,0.952513966480447,1065
7,0.9457627118644067,0.9893617021276596,0.9670710571923743,282
8,0.9981549815498155,0.9926605504587156,0.9954001839926403,545
9,0.9615384615384616,1.0,0.9803921568627451,25
10,0.875,0.42424242424242425,0.5714285714285714,99
11,0.0,0.0,0.0,2
12,1.0,1.0,1.0,10
13,0.9876543209876543,1.0,0.9937888198757764,80
14,0.9591836734693877,0.9494949494949495,0.9543147208121827,99
15,0.7457627118644068,1.0,0.8543689320388349,44
__avg / total__,0.9538303973571908,0.9526639779240076,0.9512532787190754,4711
