Actual,0,1,2,3,4,5,6,7,8,9,10,11,12,13,14,15
0,634,1,0,0,0,19,21,0,0,0,0,0,0,0,0,0
1,2,360,0,0,0,0,24,12,0,0,6,0,0,0,0,0
2,1,0,266,0,0,0,0,0,0,0,0,7,0,0,0,0
3,0,0,0,353,0,0,1,0,0,0,0,0,0,0,0,0
4,0,0,0,0,250,0,0,0,0,0,0,0,0,0,0,0
5,0,3,1,0,0,487,12,0,0,0,0,0,0,0,0,0
6,0,2,0,0,0,27,1023,0,0,0,0,0,0,0,0,13
7,0,0,0,0,0,0,0,279,0,0,0,0,0,0,1,2
8,0,0,0,0,0,0,0,0,541,0,0,0,0,1,3,0
9,0,0,0,0,0,0,0,0,0,25,0,0,0,0,0,0
10,27,26,0,0,0,0,0,3,0,1,42,0,0,0,0,0
11,0,0,0,0,0,0,2,0,0,0,0,0,0,0,0,0
12,0,0,0,0,0,0,0,0,0,0,0,0,10,0,0,0
13,0,0,0,0,0,0,0,0,0,0,0,0,0,80,0,0
14,0,0,1,0,0,2,0,1,1,0,0,0,0,0,94,0
15,0,0,0,0,0,0,0,0,0,0,0,0,0,0,0,44
